   Time     Util N  Util P  Cell Pot   Uocp      Curr      Temp   heatgen
   (min)       x       y      (V)       (V)      (A/m2)    (C)    (W/m2)
  
    0.000, 0.6000, 0.5000,  4.02461,  4.06267,    35.00,  24.85,   1.33, 
    0.001, 0.6000, 0.5000,  4.02449,  4.06267,    35.00,  24.85,   1.34, 
    0.001, 0.6000, 0.5000,  4.02438,  4.06267,    35.00,  24.85,   1.34, 
    0.001, 0.6000, 0.5000,  4.02429,  4.06266,    35.00,  24.85,   1.34, 
    0.002, 0.6000, 0.5000,  4.02420,  4.06266,    35.00,  24.85,   1.35, 
    0.002, 0.6000, 0.5000,  4.02411,  4.06265,    35.00,  24.85,   1.35, 
    0.003, 0.6000, 0.5000,  4.02402,  4.06265,    35.00,  24.85,   1.35, 
    0.003, 0.5999, 0.5000,  4.02392,  4.06265,    35.00,  24.85,   1.36, 
    0.004, 0.5999, 0.5000,  4.02383,  4.06264,    35.00,  24.85,   1.36, 
    0.005, 0.5999, 0.5000,  4.02374,  4.06263,    35.00,  24.85,   1.36, 
    0.006, 0.5999, 0.5000,  4.02364,  4.06263,    35.00,  24.85,   1.36, 
    0.007, 0.5999, 0.5001,  4.02353,  4.06262,    35.00,  24.85,   1.37, 
    0.007, 0.5999, 0.5001,  4.02343,  4.06261,    35.00,  24.85,   1.37, 
    0.009, 0.5999, 0.5001,  4.02331,  4.06260,    35.00,  24.85,   1.38, 
    0.010, 0.5999, 0.5001,  4.02320,  4.06260,    35.00,  24.85,   1.38, 
    0.011, 0.5998, 0.5001,  4.02308,  4.06258,    35.00,  24.85,   1.38, 
    0.012, 0.5998, 0.5001,  4.02295,  4.06257,    35.00,  24.85,   1.39, 
    0.014, 0.5998, 0.5001,  4.02281,  4.06256,    35.00,  24.85,   1.39, 
    0.016, 0.5998, 0.5001,  4.02267,  4.06255,    35.00,  24.85,   1.40, 
    0.017, 0.5997, 0.5001,  4.02252,  4.06253,    35.00,  24.85,   1.40, 
    0.019, 0.5997, 0.5002,  4.02237,  4.06252,    35.00,  24.85,   1.41, 
    0.022, 0.5997, 0.5002,  4.02220,  4.06250,    35.00,  24.85,   1.41, 
    0.024, 0.5996, 0.5002,  4.02203,  4.06248,    35.00,  24.85,   1.42, 
    0.027, 0.5996, 0.5002,  4.02184,  4.06246,    35.00,  24.85,   1.42, 
    0.030, 0.5996, 0.5003,  4.02165,  4.06243,    35.00,  24.85,   1.43, 
    0.033, 0.5995, 0.5003,  4.02144,  4.06240,    35.00,  24.85,   1.43, 
    0.037, 0.5995, 0.5003,  4.02123,  4.06238,    35.00,  24.85,   1.44, 
    0.041, 0.5994, 0.5003,  4.02100,  4.06234,    35.00,  24.85,   1.45, 
    0.045, 0.5993, 0.5004,  4.02076,  4.06231,    35.00,  24.85,   1.45, 
    0.050, 0.5993, 0.5004,  4.02050,  4.06227,    35.00,  24.85,   1.46, 
    0.055, 0.5992, 0.5005,  4.02023,  4.06223,    35.00,  24.85,   1.47, 
    0.061, 0.5991, 0.5005,  4.01994,  4.06218,    35.00,  24.85,   1.48, 
    0.067, 0.5990, 0.5006,  4.01964,  4.06213,    35.00,  24.85,   1.49, 
    0.074, 0.5989, 0.5006,  4.01932,  4.06207,    35.00,  24.85,   1.50, 
    0.082, 0.5988, 0.5007,  4.01898,  4.06201,    35.00,  24.85,   1.51, 
    0.091, 0.5987, 0.5008,  4.01862,  4.06194,    35.00,  24.85,   1.52, 
    0.100, 0.5985, 0.5009,  4.01824,  4.06187,    35.00,  24.85,   1.53, 
    0.110, 0.5984, 0.5009,  4.01783,  4.06178,    35.00,  24.85,   1.54, 
    0.122, 0.5982, 0.5010,  4.01740,  4.06169,    35.00,  24.85,   1.55, 
    0.134, 0.5981, 0.5011,  4.01695,  4.06159,    35.00,  24.85,   1.56, 
    0.148, 0.5979, 0.5013,  4.01647,  4.06148,    35.00,  24.85,   1.57, 
    0.163, 0.5976, 0.5014,  4.01595,  4.06136,    35.00,  24.85,   1.59, 
    0.180, 0.5974, 0.5015,  4.01541,  4.06123,    35.00,  24.85,   1.60, 
    0.198, 0.5971, 0.5017,  4.01484,  4.06109,    35.00,  24.85,   1.62, 
    0.218, 0.5968, 0.5019,  4.01423,  4.06093,    35.00,  24.85,   1.63, 
    0.240, 0.5965, 0.5020,  4.01358,  4.06076,    35.00,  24.85,   1.65, 
    0.264, 0.5962, 0.5022,  4.01289,  4.06057,    35.00,  24.85,   1.67, 
    0.291, 0.5958, 0.5025,  4.01217,  4.06036,    35.00,  24.85,   1.68, 
    0.320, 0.5953, 0.5027,  4.01140,  4.06013,    35.00,  24.85,   1.70, 
    0.353, 0.5949, 0.5030,  4.01059,  4.05988,    35.00,  24.85,   1.72, 
    0.388, 0.5944, 0.5033,  4.00973,  4.05961,    35.00,  24.85,   1.74, 
    0.427, 0.5938, 0.5036,  4.00881,  4.05931,    35.00,  24.85,   1.76, 
    0.470, 0.5932, 0.5040,  4.00784,  4.05899,    35.00,  24.85,   1.79, 
    0.518, 0.5925, 0.5044,  4.00682,  4.05863,    35.00,  24.85,   1.81, 
    0.570, 0.5917, 0.5048,  4.00572,  4.05824,    35.00,  24.85,   1.83, 
    0.627, 0.5909, 0.5053,  4.00453,  4.05782,    35.00,  24.85,   1.86, 
    0.690, 0.5900, 0.5059,  4.00325,  4.05736,    35.00,  24.85,   1.89, 
    0.760, 0.5890, 0.5065,  4.00185,  4.05686,    35.00,  24.85,   1.92, 
    0.836, 0.5879, 0.5071,  4.00028,  4.05631,    35.00,  24.85,   1.95, 
    0.920, 0.5866, 0.5078,  3.99852,  4.05571,    35.00,  24.85,   2.00, 
    1.012, 0.5853, 0.5086,  3.99649,  4.05506,    35.00,  24.85,   2.04, 
    1.113, 0.5838, 0.5095,  3.99412,  4.05434,    35.00,  24.85,   2.10, 
    1.225, 0.5822, 0.5104,  3.99130,  4.05355,    35.00,  24.85,   2.17, 
    1.348, 0.5804, 0.5115,  3.98790,  4.05267,    35.00,  24.85,   2.26, 
    1.483, 0.5785, 0.5126,  3.98372,  4.05166,    35.00,  24.85,   2.37, 
    1.632, 0.5763, 0.5139,  3.97859,  4.05047,    35.00,  24.85,   2.51, 
    1.795, 0.5739, 0.5153,  3.97245,  4.04901,    35.00,  24.85,   2.67, 
    1.975, 0.5713, 0.5168,  3.96554,  4.04708,    35.00,  24.85,   2.84, 
    2.173, 0.5685, 0.5185,  3.95856,  4.04435,    35.00,  24.85,   2.98, 
    2.390, 0.5653, 0.5203,  3.95231,  4.04027,    35.00,  24.85,   3.05, 
    2.629, 0.5618, 0.5223,  3.94717,  4.03410,    35.00,  24.85,   3.00, 
    2.893, 0.5580, 0.5246,  3.94296,  4.02555,    35.00,  24.85,   2.85, 
    3.182, 0.5538, 0.5270,  3.93919,  4.01584,    35.00,  24.85,   2.68, 
    3.501, 0.5492, 0.5298,  3.93532,  4.00746,    35.00,  24.85,   2.54, 
    3.851, 0.5441, 0.5327,  3.93083,  4.00174,    35.00,  24.85,   2.49, 
    4.237, 0.5385, 0.5360,  3.92529,  3.99796,    35.00,  24.85,   2.54, 
    4.661, 0.5323, 0.5396,  3.91824,  3.99465,    35.00,  24.85,   2.65, 
    5.127, 0.5256, 0.5436,  3.90908,  3.99044,    35.00,  24.85,   2.81, 
    5.640, 0.5181, 0.5479,  3.89694,  3.98390,    35.00,  24.85,   2.99, 
    6.153, 0.5107, 0.5523,  3.88259,  3.97449,    35.00,  24.85,   3.15, 
    6.666, 0.5032, 0.5567,  3.86676,  3.96172,    35.00,  24.85,   3.26, 
    7.179, 0.4958, 0.5610,  3.85100,  3.94582,    35.00,  24.85,   3.27, 
    7.692, 0.4883, 0.5654,  3.83691,  3.92795,    35.00,  24.85,   3.16, 
    8.205, 0.4809, 0.5697,  3.82547,  3.90995,    35.00,  24.85,   2.94, 
    8.718, 0.4734, 0.5741,  3.81674,  3.89370,    35.00,  24.85,   2.69, 
    9.231, 0.4660, 0.5785,  3.81011,  3.88033,    35.00,  24.85,   2.47, 
    9.744, 0.4585, 0.5828,  3.80484,  3.87006,    35.00,  24.85,   2.30, 
   10.257, 0.4511, 0.5872,  3.80033,  3.86241,    35.00,  24.85,   2.19, 
   10.770, 0.4436, 0.5915,  3.79615,  3.85664,    35.00,  24.85,   2.13, 
   11.283, 0.4362, 0.5959,  3.79204,  3.85203,    35.00,  24.85,   2.11, 
   11.796, 0.4287, 0.6003,  3.78783,  3.84802,    35.00,  24.85,   2.11, 
   12.309, 0.4213, 0.6046,  3.78343,  3.84423,    35.00,  24.85,   2.13, 
   12.822, 0.4138, 0.6090,  3.77881,  3.84041,    35.00,  24.85,   2.16, 
   13.335, 0.4064, 0.6133,  3.77396,  3.83644,    35.00,  24.85,   2.19, 
   13.848, 0.3989, 0.6177,  3.76891,  3.83227,    35.00,  24.85,   2.22, 
   14.361, 0.3915, 0.6221,  3.76368,  3.82789,    35.00,  24.85,   2.26, 
   14.874, 0.3840, 0.6264,  3.75831,  3.82333,    35.00,  24.85,   2.29, 
   15.387, 0.3766, 0.6308,  3.75284,  3.81862,    35.00,  24.85,   2.32, 
   15.900, 0.3691, 0.6351,  3.74730,  3.81381,    35.00,  24.85,   2.35, 
   16.413, 0.3617, 0.6395,  3.74173,  3.80896,    35.00,  24.85,   2.37, 
   16.926, 0.3542, 0.6439,  3.73616,  3.80410,    35.00,  24.85,   2.39, 
   17.439, 0.3468, 0.6482,  3.73062,  3.79927,    35.00,  24.85,   2.41, 
   17.952, 0.3393, 0.6526,  3.72513,  3.79450,    35.00,  24.85,   2.43, 
   18.465, 0.3319, 0.6569,  3.71971,  3.78982,    35.00,  24.85,   2.45, 
   18.978, 0.3245, 0.6613,  3.71437,  3.78524,    35.00,  24.85,   2.47, 
   19.491, 0.3170, 0.6656,  3.70913,  3.78075,    35.00,  24.85,   2.49, 
   20.004, 0.3096, 0.6700,  3.70398,  3.77635,    35.00,  24.85,   2.50, 
   20.517, 0.3021, 0.6744,  3.69893,  3.77200,    35.00,  24.85,   2.52, 
   21.030, 0.2947, 0.6787,  3.69395,  3.76767,    35.00,  24.85,   2.54, 
   21.543, 0.2872, 0.6831,  3.68891,  3.76332,    35.00,  24.85,   2.57, 
   22.056, 0.2798, 0.6874,  3.68363,  3.75891,    35.00,  24.85,   2.60, 
   22.569, 0.2723, 0.6918,  3.67803,  3.75439,    35.00,  24.85,   2.65, 
   23.082, 0.2649, 0.6962,  3.67213,  3.74973,    35.00,  24.85,   2.70, 
   23.595, 0.2574, 0.7005,  3.66596,  3.74488,    35.00,  24.85,   2.75, 
   24.108, 0.2500, 0.7049,  3.65957,  3.73981,    35.00,  24.85,   2.81, 
   24.621, 0.2425, 0.7092,  3.65301,  3.73453,    35.00,  24.85,   2.86, 
   25.134, 0.2351, 0.7136,  3.64634,  3.72902,    35.00,  24.85,   2.91, 
   25.647, 0.2276, 0.7180,  3.63959,  3.72329,    35.00,  24.85,   2.95, 
   26.160, 0.2202, 0.7223,  3.63280,  3.71736,    35.00,  24.85,   2.98, 
   26.673, 0.2127, 0.7267,  3.62600,  3.71126,    35.00,  24.85,   3.01, 
   27.186, 0.2053, 0.7310,  3.61918,  3.70502,    35.00,  24.85,   3.03, 
   27.699, 0.1978, 0.7354,  3.61233,  3.69867,    35.00,  24.85,   3.05, 
   28.212, 0.1904, 0.7398,  3.60539,  3.69227,    35.00,  24.85,   3.07, 
   28.725, 0.1829, 0.7441,  3.59836,  3.68583,    35.00,  24.85,   3.09, 
   29.238, 0.1755, 0.7485,  3.59133,  3.67940,    35.00,  24.85,   3.10, 
   29.751, 0.1680, 0.7528,  3.58481,  3.67300,    35.00,  24.85,   3.09, 
   30.264, 0.1606, 0.7572,  3.57971,  3.66661,    35.00,  24.85,   3.01, 
   30.777, 0.1531, 0.7616,  3.57560,  3.66018,    35.00,  24.85,   2.89, 
   31.290, 0.1457, 0.7659,  3.57187,  3.65363,    35.00,  24.85,   2.79, 
   31.803, 0.1382, 0.7703,  3.56832,  3.64688,    35.00,  24.85,   2.70, 
   32.316, 0.1308, 0.7746,  3.56487,  3.64000,    35.00,  24.85,   2.63, 
   32.829, 0.1233, 0.7790,  3.56150,  3.63346,    35.00,  24.85,   2.58, 
   33.342, 0.1159, 0.7834,  3.55813,  3.62799,    35.00,  24.85,   2.55, 
   33.855, 0.1084, 0.7877,  3.55465,  3.62407,    35.00,  24.85,   2.53, 
   34.368, 0.1010, 0.7921,  3.55070,  3.62151,    35.00,  24.85,   2.54, 
   34.881, 0.0935, 0.7964,  3.54582,  3.61968,    35.00,  24.85,   2.60, 
   35.394, 0.0861, 0.8008,  3.53898,  3.61795,    35.00,  24.85,   2.77, 
   35.907, 0.0787, 0.8052,  3.52678,  3.61595,    35.00,  24.85,   3.13, 
   36.420, 0.0712, 0.8095,  3.50040,  3.61357,    35.00,  24.85,   3.97, 
   36.933, 0.0638, 0.8139,  3.43896,  3.61072,    35.00,  24.85,   6.01, 
   37.446, 0.0563, 0.8182,  3.29188,  3.60715,    35.00,  24.85,  11.03, 
   37.959, 0.0489, 0.8226,  2.93550,  3.60210,    35.00,  24.85,  23.32, 
   38.215, 0.0451, 0.8248,  2.59666,  3.59845,    35.00,  24.85,  35.05, 
   38.344, 0.0433, 0.8259,  2.36146,  3.59616,    35.00,  24.85,  43.20, 
   38.408, 0.0423, 0.8264,  2.22266,  3.59487,    35.00,  24.85,  48.01, 
   38.440, 0.0419, 0.8267,  2.14724,  3.59418,    35.00,  24.85,  50.62, 
   38.475, 0.0414, 0.8270,  2.05927,  3.59339,    35.00,  24.85,  53.67, 
   38.480, 0.0413, 0.8270,  2.04674,  3.59328,    35.00,  24.85,  54.11, 
   38.483, 0.0413, 0.8271,  2.03935,  3.59322,    35.00,  24.85,  54.36, 
   38.484, 0.0412, 0.8271,  2.03410,  3.59318,    35.00,  24.85,  54.55, 
   38.485, 0.0412, 0.8271,  2.03010,  3.59316,    35.00,  24.85,  54.69, 
   38.485, 0.0412, 0.8271,  2.02849,  3.59316,    35.00,  24.85,  54.75, 
   38.485, 0.0412, 0.8271,  2.02713,  3.59316,    35.00,  24.85,  54.79, 
   38.485, 0.0412, 0.8271,  2.02674,  3.59316,    35.00,  24.85,  54.81, 
   38.485, 0.0412, 0.8271,  2.02663,  3.59316,    35.00,  24.85,  54.81, 